250.0
250.0
250.0
250.0
250.0
250.0
250.0
250.0
250.0
250.0
250.0
250.0
250.0
250.0
250.0
250.0
250.0
250.0
250.0
179.60905
175.93388
202.83661
260.05368
313.85855
347.28558
281.39835
294.25815
349.16113
256.1418
327.02463
267.2455
247.52902
280.16364
281.89465
263.79373
290.55023
303.32526
258.40637
289.9995
220.57518
173.12569
191.87997
179.3628
253.7466
179.3757
335.67624
285.78317
317.09647
288.26917
324.8694
319.98386
302.70206
241.93
154.00601
173.12782
205.10185
168.43524
201.15959
224.30183
168.62065
235.22787
206.14113
175.62556
188.39618
182.08199
204.77783
220.68738
315.9056
320.74164
337.11588
247.21815
267.71896
346.41052
267.6705
332.98184
305.00574
302.23703
314.96478
290.88028
219.97495
228.95467
197.74138
253.47096
169.40996
186.99124
196.87315
162.25972
210.325
200.47577
218.92758
185.90344
223.56502
243.64394
224.31227
240.43768
258.37872
278.2166
210.1532
304.4155
254.85754
253.49536
328.34827
180.73235
249.43489
322.50723
316.60107
277.98547
376.26816
325.37872
386.62625
273.3902
351.10733
233.3358
196.02693
258.0277
201.37831
271.07004
319.10596
245.08281
341.87616
331.4308
258.15182
303.58188
285.04553
315.09634
309.53702
300.23877
245.16898
136.9932
170.15948
162.9113
213.70059
210.45822
186.51205
193.6592
188.6026
250.96353
228.87099
197.74513
208.20844
214.80579
278.92523
276.77267
268.02722
236.94841
289.0096
335.44702
315.93536
371.952
330.3811
274.97604
344.40356
251.9061
333.0773
297.70914
294.1318
264.77005
180.47983
213.06226
147.88388
232.4026
246.18471
252.44043
212.59619
205.87437
262.80026
270.47372
238.97746
200.78093
212.29675
175.3871
185.46558
153.08368
230.26582
292.40268
279.80057
196.41734
328.0295
329.0788
281.0226
260.81375
176.97707
265.59442
236.68788
247.02025
332.6549
326.94946
259.9446
233.17459
271.7717
212.85393
271.47467
303.60764
229.55766
317.52805
317.79172
268.4029
238.26942
242.14433
304.61942
316.99286
332.72375
284.10223
296.39737
312.45807
196.61803
202.97011
173.56062
274.50693
183.5723
193.69597
183.70407
215.4986
192.22482
229.7556
238.41864
247.1789
169.43127
160.76282
174.79456
213.77493
204.7601
324.219
236.76773
254.16208
243.4164
278.10443
238.00261
324.2727
191.37679
221.22977
184.50027
259.74326
228.16154
224.13046
251.7455
292.88507
341.291
244.1041
235.58177
213.73837
258.84808
285.7735
269.65668
171.95874
204.6048
218.12169
287.15567
362.53513
236.93365
228.71638
197.62448
310.0181
215.5467
309.71765
185.6938
244.72813
289.64908
198.69055
273.7381
193.16605
151.69012
192.50723
237.14929
217.18523
204.24986
268.04028
266.8815
253.65358
282.62424
198.52704
319.49252
230.1301
203.73314
293.99973
312.17828
212.20116
262.47507
239.91745
215.78596
303.65384
362.98465
302.81363
177.14363
212.5225
154.08157
245.71649
231.08499
241.55798
221.72664
177.00586
275.14713
261.8498
240.72995
240.001
408.9952
284.2293
246.35068
217.47787
201.52449
205.42213
293.7582
319.8668
226.32587
241.34407
237.09074
295.72095
208.1617
239.63164
236.13655
290.66428
185.94843
184.7268
320.95975
244.20111
283.6515
283.49918
307.3427
238.14864
271.23398
209.38676
218.97475
312.14
290.49133
327.41074
267.59036
211.76004
290.923
281.8413
295.3357
223.36165
272.15778
238.01715
276.8762
151.09695
219.62782
168.12694
293.68997
209.83568
274.5566
179.05637
158.04448
254.21089
191.8406
165.57726
181.59172
284.29974
277.02075
308.60532
282.98016
327.96008
226.27141
232.76424
338.56476
220.59705
230.63168
182.54683
200.66666
301.09595
292.1847
306.51138
272.63217
202.41202
342.25446
181.81
318.7744
281.22467
330.2287
234.98207
329.72098
296.27386
227.51059
272.34637
278.96014
299.33078
336.92044
254.60553
205.95451
284.38113
329.9266
277.0686
334.348
186.67065
371.17554
350.7699
320.3037
319.02933
278.26413
243.49324
318.46988
193.32951
184.65874
159.61087
239.98506
181.68286
139.2684
184.71286
220.87535
247.42935
195.19347
269.2963
279.5919
264.51324
272.16708
218.51439
320.4463
316.87973
215.92267
237.50006
336.3069
282.54105
334.6825
327.1502
258.42703
271.69598
244.73796
213.00722
264.6312
260.13306
172.13478
297.16486
195.76454
188.77376
170.09605
192.32564
223.01634
202.12993
172.12155
217.12698
242.2288
225.5877
195.63087
214.13226
212.8475
200.57735
210.16237
185.08774
266.84006
289.15613
249.66266
168.63594
354.30576
156.09157
269.80655
240.85799
187.50394
317.7158
193.02534
188.19147
234.54024
282.33084
250.316
230.96603
296.1849
239.09006
260.5095
241.38654
233.47047
198.8764
268.97336
285.47574
312.3146
224.71162
362.73962
251.67578
289.13153
227.07768
172.04329
293.55536
169.27837
303.2686
201.99814
264.33096
355.61935
264.6882
328.1943
227.9867
269.72375
162.31696
238.62386
193.502
163.30081
227.43944
207.59471
219.09763
324.5808
275.17557
255.866
290.29453
298.34158
244.29721
249.59052
184.41228
285.68994
267.34433
220.28044
235.25417
212.94653
255.3845
195.3977
274.76205
202.48224
191.08725
289.8822
311.99878
297.66748
245.17632
206.4685
286.73087
164.68098
289.64673
257.64743
367.02335
220.42316
307.16455
244.40074
