250.0
250.0
250.0
250.0
250.0
250.0
250.0
250.0
250.0
250.0
250.0
250.0
250.0
250.0
250.0
250.0
250.0
250.0
250.0
207.62616
284.04468
287.01968
253.6076
280.55753
253.7091
331.5299
274.8886
188.2818
268.79916
292.36142
218.72046
349.17715
321.8246
219.72469
287.283
310.76343
293.2398
260.44507
289.44934
279.27972
265.06073
290.66724
185.41458
276.26825
197.43773
270.24658
257.3387
128.58997
182.19879
241.8429
207.97684
163.77678
243.20715
208.63539
210.55821
182.5867
188.85762
254.71834
258.4514
317.81274
223.24817
214.78996
314.79962
247.7579
297.55466
307.22318
245.90994
222.61212
348.8435
233.86276
286.5506
311.33148
288.28558
282.33426
281.2218
310.49588
306.64883
283.18854
302.53885
257.8915
285.8287
311.51065
160.79578
291.52628
298.303
271.05875
287.5885
271.92798
210.89633
291.82306
250.66388
137.46274
141.75967
186.21417
200.3848
207.11008
315.48096
213.73405
158.31506
276.3837
295.73886
152.52332
205.39642
160.09518
139.82814
114.30277
289.07562
291.84662
262.60147
312.75406
290.75577
295.4965
227.88426
269.0872
275.52615
251.05435
293.8598
295.5663
267.4032
305.2529
255.83733
245.54884
245.6241
234.12105
284.62903
222.91458
125.16068
136.47414
313.08652
309.0765
286.95847
231.73163
234.7514
275.4426
236.61078
219.55638
198.4137
197.1783
238.1787
214.48001
148.97287
269.43622
128.41647
270.94986
199.20439
306.00836
273.2651
321.998
274.92056
291.29764
310.3497
234.80565
302.57248
242.0775
301.65326
279.44226
284.48398
293.89835
248.35268
287.89493
197.67348
289.37967
290.18326
186.36913
134.93025
245.82
252.44144
303.95352
239.18013
241.49562
271.4576
233.6877
279.24347
224.17342
289.78488
321.01434
208.20337
254.6033
267.92932
245.79916
281.61588
277.6763
229.24652
264.07507
183.50401
331.68628
278.85126
168.62279
214.78403
271.04672
203.50598
268.80368
246.7632
183.05301
310.9261
146.88776
279.7255
263.63107
75.0386
104.664055
138.25604
226.29897
212.67883
191.02866
264.31693
289.08298
271.84946
250.56683
259.92416
228.47697
234.40189
262.95334
329.33624
306.38672
288.3103
289.17957
307.27225
290.14777
183.63208
281.9486
212.70462
295.38153
297.10748
259.6813
226.93617
287.21204
275.26465
219.10811
301.10767
255.99596
217.21129
232.32176
257.651
282.77692
268.50787
244.38078
285.62323
199.2507
289.61044
259.17194
292.80612
292.80432
201.96703
233.81305
246.9097
190.29228
291.66394
313.8573
308.63257
224.77786
281.85654
320.6273
185.43025
369.2518
252.69571
213.85684
178.81032
188.50214
258.73416
106.35622
281.84604
315.92703
279.52524
303.1667
272.7271
297.79257
170.0935
282.79248
208.16258
222.16391
266.46283
248.76625
240.02153
248.62708
273.84622
222.51416
280.64127
276.985
270.19772
295.7236
227.77448
150.38225
157.09027
267.942
115.76934
222.9314
341.91513
259.89902
308.70612
268.35068
224.11499
293.58374
259.47284
249.4467
264.3202
271.51376
306.9183
218.44128
278.2439
287.9673
242.05714
235.46239
185.57683
273.4249
237.6694
161.39561
275.9927
191.77487
76.1778
261.9327
194.53044
270.282
210.83038
206.50154
262.7749
163.82393
310.0205
188.76595
158.91504
215.75296
267.20825
220.07301
236.61235
297.17813
319.81085
193.38095
278.32755
209.11047
263.2737
280.78296
302.5177
251.8858
298.3278
238.43317
308.81625
275.56424
248.95604
288.09787
231.81194
158.62152
204.7203
272.04492
333.77045
181.6435
246.90195
246.6983
371.24557
268.03906
288.1049
215.72435
306.51413
258.8265
211.69034
240.38509
303.83386
239.76515
204.33128
293.48062
294.0049
287.43073
272.84598
208.45401
268.96924
279.84863
204.87082
321.15845
138.39493
151.79228
308.31848
327.92938
302.0325
243.23352
286.9106
312.78214
234.04666
291.17505
109.40051
260.63782
262.17352
274.97473
276.00696
300.33896
198.46278
313.32635
236.8347
220.22882
218.5087
283.29645
258.0491
144.52133
264.55292
262.34625
281.7437
248.53926
248.13547
80.8309
148.15253
211.2478
234.25754
145.60312
157.56541
193.85179
248.64676
259.35266
225.79333
253.309
273.5756
274.48694
284.66946
281.04196
274.09778
280.46457
305.60693
305.56796
289.85495
284.71326
331.63687
315.88007
283.0145
253.1141
277.47568
278.90204
228.66624
294.39566
286.18008
314.737
236.59474
319.71158
214.10231
224.66522
288.88654
275.71994
236.04056
322.737
332.59265
330.91998
217.51659
310.3709
252.00882
188.13335
254.53514
194.16466
283.38388
245.33734
86.93318
295.05112
244.28172
287.26294
228.47873
323.10403
211.08643
182.34148
216.17755
219.15921
202.1503
283.4837
274.7582
226.11678
289.04794
304.16043
276.12497
283.02576
186.33505
237.68549
333.62094
236.99156
241.54376
278.30774
285.3127
288.96854
160.66638
315.73822
227.8688
276.88593
255.42801
231.12553
220.11707
224.20465
204.3817
92.84093
270.88843
285.4987
255.16385
195.3201
259.3
261.78235
272.6157
252.40427
224.1214
285.6769
212.05298
214.9647
198.77525
138.23244
202.88678
211.06459
193.48544
316.52103
270.65454
314.00882
293.1101
312.89944
240.07841
