250.0
250.0
250.0
250.0
250.0
250.0
250.0
250.0
250.0
250.0
250.0
250.0
250.0
250.0
250.0
250.0
250.0
250.0
250.0
260.04388
273.77155
244.32224
269.27707
181.32394
303.17212
228.97014
273.8885
242.89911
223.0512
257.38412
277.83228
198.91428
286.1532
264.92444
329.82312
226.47168
252.45964
298.25943
325.1784
285.89203
214.05243
293.02795
322.83673
265.17865
293.52856
230.63538
308.24387
285.32916
84.21077
140.11818
248.8252
187.98793
323.1405
279.8043
269.09772
234.78125
269.36536
243.39594
224.58708
237.92467
214.91844
274.0855
220.94136
238.91895
257.0327
312.574
298.0312
355.9649
275.58328
236.73796
207.68985
195.20195
243.70354
306.47852
173.01389
268.91037
209.2772
250.20453
346.53638
343.33408
243.64438
229.6004
268.72952
197.86624
236.1457
201.79654
287.07996
193.68364
194.90826
306.44012
305.69318
338.39764
279.2402
272.7416
204.72496
263.30545
259.71582
276.2306
183.1837
252.29889
209.89508
195.3672
245.3657
181.36455
237.78357
250.26733
229.82426
303.92123
148.50566
221.21065
246.845
276.77094
315.1913
297.26062
283.67807
311.8018
175.00229
275.22043
249.46207
207.50937
258.1916
282.76642
271.95792
381.58438
303.93286
289.64578
254.87721
240.34198
236.78224
213.1096
254.3345
208.35297
226.75967
310.8623
233.32253
212.58794
220.92188
274.51575
220.33199
244.92241
269.26178
167.01021
216.82172
224.28255
181.68562
348.01767
216.9667
302.1917
213.11351
182.09299
299.8033
125.31346
207.70535
245.79788
257.50674
116.704895
239.9827
373.98154
284.0091
217.94133
290.9276
249.92294
277.13797
237.06265
233.79572
267.48978
197.74498
329.29095
252.48753
267.48743
274.81876
219.8661
251.0747
311.29523
276.19797
296.23483
251.13887
297.96405
358.99213
279.31998
307.60208
205.99615
265.28232
259.06216
246.91905
208.16794
186.58386
167.64381
247.38954
227.22733
319.92828
178.92491
200.74994
265.96005
297.46964
185.49913
303.912
238.01396
186.74338
229.54826
311.12277
259.29486
193.7329
337.52557
186.36256
332.76175
200.00974
302.01865
150.00838
288.62747
273.77942
252.65903
343.695
362.703
186.51671
243.94312
168.37746
314.90396
278.58307
254.9631
229.00842
242.8476
230.40753
224.07607
296.71442
209.68033
205.94928
203.16095
233.41553
129.13075
270.78354
288.7612
260.17572
339.92172
219.14868
190.70975
247.27484
193.49074
171.21074
210.4408
192.41158
218.61084
225.06857
176.1848
206.98451
162.54648
228.79645
220.58403
173.422
311.41278
205.82106
280.6111
163.45761
196.8617
160.9928
268.0478
181.73198
334.96024
244.70374
228.53996
201.16034
210.10234
221.93338
223.63205
279.73315
211.74495
274.25262
262.3613
237.6296
306.9624
211.48813
268.97406
302.8321
286.905
273.69427
294.8861
348.52762
251.75885
265.53534
274.97986
224.68022
274.5727
186.53195
234.61472
253.22964
343.19452
229.17957
198.49121
286.87976
256.5019
205.56177
265.1866
288.99417
283.72403
330.36972
182.75421
298.5729
281.6775
294.6737
300.77243
334.359
305.1418
292.50772
349.0825
272.5241
303.1841
293.98022
288.3015
225.37646
348.81738
246.13776
317.21988
283.75116
292.43903
212.72337
309.79037
287.23264
312.6241
200.18277
221.80219
295.29196
276.79135
157.87537
326.2948
214.54842
231.6434
248.13087
229.60596
210.65123
268.82617
248.82895
308.86
238.24733
214.43385
257.33566
317.59412
245.89725
188.96147
196.84326
246.8402
265.91083
200.19626
122.89888
189.14316
277.66296
265.32056
284.81116
403.917
283.2757
291.00308
238.90399
210.40178
262.83432
303.45984
206.05513
202.25787
303.33035
239.57959
277.88492
206.29362
241.09392
195.2467
192.27895
267.95383
280.9789
293.5393
140.49486
268.77994
271.26724
285.0009
376.3486
210.74382
218.48404
220.86176
201.45961
256.86926
172.59555
271.19226
200.59338
318.00012
162.45995
212.72224
239.57526
222.7272
217.52708
275.28885
175.12738
242.66147
224.45497
285.8806
278.71307
304.23294
214.42082
237.90637
292.02466
207.95628
298.19452
305.93408
295.8081
217.07988
233.10042
290.28342
174.80034
336.57852
202.93391
277.13864
303.3251
233.70299
249.36343
227.12276
317.8347
245.51819
204.17422
238.52025
175.73222
185.6272
262.98822
220.07901
317.70117
95.57405
235.50092
268.67603
307.49695
308.4878
271.29117
251.40625
250.01945
319.79932
199.96356
286.63257
280.86765
248.8058
300.98395
237.9444
179.39783
301.54477
255.5278
279.03845
213.22275
302.7259
217.19931
175.16556
327.30862
285.2647
275.0738
224.03642
273.49393
320.6709
271.9161
292.65454
253.7056
248.24619
248.93454
151.94861
320.39288
279.5106
276.51022
264.9021
271.90033
206.41428
241.28514
191.4439
351.1811
168.57886
229.84901
277.60965
209.57877
277.04938
218.68936
203.4868
331.34586
243.37016
324.42203
351.3962
287.9404
311.3914
317.9741
151.3766
235.24731
180.82816
221.20766
203.98943
209.39235
201.93658
307.82764
155.12866
290.01172
216.07298
275.47964
275.77115
319.50134
274.59192
207.64383
167.47137
268.29883
268.33868
207.09923
251.89221
291.41455
325.93842
183.72333
275.3716
251.8638
266.62625
253.7112
305.39603
242.28473
232.87955
219.12027
259.488
158.31647
315.0151
269.10678
263.54034
251.68813
223.69144
